return {
1966253304,
8276028343,
6104354696,
1061930531,
1885007865,
7733984244,
3768519816,
2279199751,
5604554375,
1585386024,
9298626930,
4105310119,
3176001533,
3209110293,
8565031843,
9449531457,
9472788928,
7932438906,
3133086669,
9104516799,
5406967720,
8704121452,
5632734735,
4372427240,
7081729628,
9075344911,
2830345242,
4922242062,
1772897917,
1279545498,
1405119019,
513743498,
8787125855,
9217930538,
1190729995,
7186675440,
2224853984,
2528586544,
5449911163,
8512679992,
4255180510,
    2452591000,
1997060312,
2766117445,
3732805049,
8755883511,
4514442648,
312419911,
    4163766139,
2222595167,
5197639280,
4390790854,
8775081541,
5836805935,
7426226075,
4326494247,
1662162275,
7644296188,
8553888740,
8175957256,
1895672052,
3442397654,
8597685489, --chang
6010246054,
3898511662,
2689328143,
4559416757,
1118200057,
2642557258,
2309593062,
2381528987,
8276923588,
98160041,
408044195,
2784663867,
5762885329,
5135481399,
7580328046,
8537221535,
7168873734,
7210672314,
2008867358,
4482518038,
1973631121, --tijtok
2658629904, --tijtok
5131682345,
8414006129,
7997110540, -- tiktok
8283334444, --tiktok
6159974292
}
